image_00000 280 355 328 428
image_00001 277 377 316 443
image_00002 224 408 265 468
image_00003 239 414 272 475
image_00004 233 416 260 467
image_00005 230 410 264 478
image_00006 237 417 262 474
image_00007 240 424 263 482
image_00008 236 423 260 482
image_00009 239 416 268 481
image_00010 238 424 265 478
image_00011 237 424 266 484
image_00012 244 432 269 488
image_00013 241 427 262 483
image_00014 241 426 262 482
image_00015 246 432 266 491
image_00016 250 432 272 484
image_00017 239 417 275 479
image_00018 235 422 265 478
image_00019 237 421 268 469
image_00020 242 430 269 479
image_00021 240 428 268 476
image_00022 239 433 266 481
image_00023 241 432 268 483
image_00024 242 428 263 483
image_00025 244 430 267 472
image_00026 241 418 268 471
image_00027 240 427 265 478
image_00028 241 429 266 478
image_00029 245 436 268 473
image_00030 224 257 249 312
image_00031 217 251 247 310
image_00032 222 241 249 302
image_00033 215 231 244 273
image_00034 232 253 254 299
image_00035 237 256 257 299
image_00036 237 260 259 313
image_00037 241 260 265 313
image_00038 242 256 270 316
image_00039 226 285 260 324
image_00040 229 291 265 327
image_00041 225 299 263 326
image_00042 228 273 262 338
image_00043 229 295 268 332
image_00044 257 238 280 297
image_00045 245 289 272 331
image_00046 241 283 271 326
image_00047 240 232 269 273
image_00048 239 231 263 277
image_00049 237 230 263 284
image_00050 238 227 263 281
image_00051 238 227 260 286
image_00052 235 238 258 292
image_00053 240 249 257 298
image_00054 235 236 263 293
image_00055 232 240 249 295
image_00056 230 252 248 298
image_00057 209 268 246 304
image_00058 227 257 248 300
image_00059 222 256 248 299
image_00060 216 263 249 298
image_00061 221 256 247 298
image_00062 221 264 245 300
image_00063 221 264 245 300
